Bridge_of_Dee_Court 0539 0614 0645 0711 0728 0743 0801 0817 0835 0850
Robert_Gordon_University_arr 0542 0617 0648 0714 0732 0747 0805 0821 0839 0854
Robert_Gordon_University_dep 0542 0617 0650 0716 0734 0752 0812 0827 0843 0858
Auchinyell_Gardens 0547 0622 0656 0722 0741 0800 0820 0835 0851 0906
Great_Western_Road 0554 0629 0703 0729 0749 0808 0828 0843 0859 0913
Castle_Street_arr 0601 0636 0711 0740 0800 0819 0839 0854 0910 0924
Castle_Street_dep 0601 0636 0711 0740 0800 0820 0840 0855 0911 0925
Errol_Street 0604 0639 0714 0744 0804 0824 0844 0859 0915 0929
School_Drive 0608 0643 0718 0748 0809 0829 0849 0904 0920 0934
Fraserfield_Gardens 0615 0650 0725 0755 0816 0836 0856 0911 0927 0941
Wallacebrae_Road 0628 0703 0738 0808 0829 0849 0909 0924 0940 0954